          15
     14.4064
     14.9383
     16.0374
      15.632
     14.3975
     13.8959
     14.0765
      16.375
     16.5342
     16.3839
     17.1006
     17.7876
     17.7384
      17.001
     17.7485
     18.1888
     18.5997
     17.5859
     15.7389
     13.6971
     15.0059
     16.2574
     14.3506
     11.9515
     12.0328
     11.2142
     11.7023
     12.5905
     12.1991
     10.7752
     10.1129
       9.933
     11.7435
      12.259
     12.5009
     11.5378
      9.6649
     10.1043
     10.3452
      9.2835
      7.7219
        6.83
      8.2046
      8.5289
      8.8733
      8.7948
      8.1577
      7.9128
      8.7978
      9.0775
      9.3234
     10.4739
     10.6943
      9.8367
      8.1803
      7.2509
      5.0814
      1.8313
     -0.9127
     -1.3173
     -0.6021
        0.14
       1.403
       1.928
      3.5626
      1.9615
      4.8463
      6.5454
      8.0141
      7.9746
      8.4959
      8.4539
      8.7114
       7.378
      8.1905
       9.972
       9.693
      9.4506
     11.2088
     11.4986
     13.2778
      13.591
     13.4297
     13.3125
     12.7445
     11.7979
     11.7319
     11.6523
     11.3718
     10.5502
     11.4741
     11.5568
     11.7986
     11.8867
     11.2951
     12.7847
     13.9435
     13.6859
     14.1136
     13.8949
     14.2853
     16.3867
     17.0884
     15.8861
     14.8227
     15.9479
     15.0982
      13.877
     14.2746
     15.1682
     15.3818
     14.1863
     13.9996
     15.2463
     17.0179
     17.2929
     16.6366
      15.341
     15.6453
